step: 1, loss:3.5420687198638916
step: 2, loss:4.569362640380859
